0.00
0.00
0.00
0.00
0.00
0.00
0.00
0.00
0.00
0.00
0.00
0.03
0.06
0.09
0.12
0.12
0.15
0.18
0.15
0.21
0.21
0.21
0.24
0.24
0.24
0.24
0.24
0.26
0.62
0.62
1.06
1.65
1.94
2.19
2.09
2.19
2.19
2.46
2.63
2.63
2.58
2.69
2.76
2.82
2.76
2.88
2.88
2.94
2.94
2.94
2.88
2.88
2.88
2.94
2.99
2.94
2.99
2.94
2.94
2.94
2.94
2.88
2.82
2.76
2.63
2.58
2.46
1.79
0.69
0.39
0.30
0.39
0.43
0.46
0.43
0.36
0.33
0.33
0.36
0.33
0.33
0.33
0.30
0.30
0.26
0.26
0.26
0.26
0.30
0.26
0.30
0.30
0.33
0.30
0.30
0.30
0.30
0.30
0.26
0.30
0.30
0.30
0.30
0.26
0.30
0.30
0.26
0.30
0.26
0.30
0.26
0.26
0.30
0.30
0.26
0.26
0.26
0.26
0.26
0.26
0.24
0.26
0.24
0.24
0.24
0.24
0.24
0.24
0.24
0.24
0.24
0.24
0.24
0.26
0.24
0.24
0.26
0.26
0.26
0.24
0.26
0.26
0.26
0.24
0.26
0.24
0.26
0.30
0.26
0.26
