0.03
0.00
0.00
0.03
0.03
0.03
0.03
0.03
0.00
0.00
0.00
0.00
0.00
0.00
0.06
0.06
0.00
0.03
0.00
0.03
0.00
0.03
0.03
0.03
0.03
0.03
0.06
0.06
0.03
0.03
0.00
0.89
1.13
1.13
0.93
1.52
1.57
1.77
1.96
1.96
2.24
2.40
2.34
2.34
2.40
2.40
2.64
2.52
2.64
2.77
2.70
2.77
2.77
2.82
2.58
2.64
2.70
2.82
2.88
2.88
2.95
2.95
3.02
3.08
3.15
3.15
3.15
3.29
3.42
3.57
3.57
3.73
3.97
4.12
4.05
3.97
3.97
3.97
3.97
3.81
3.97
3.42
3.65
3.73
3.73
3.73
3.57
3.89
3.57
2.46
0.66
0.25
0.03
0.03
0.21
0.18
0.06
0.00
0.00
0.00
0.00
0.00
0.00
0.00
0.00
0.00
0.00
0.00
0.00
0.00
0.00
0.00
0.00
0.00
0.00
0.00
0.00
0.00
0.00
0.00
0.00
0.00
0.00
0.00
0.00
0.00
0.00
0.00
0.00
0.00
0.00
0.00
0.00
0.00
0.00
0.00
0.00
0.00
0.00
0.00
0.00
0.00
0.00
0.00
0.00
0.00
0.00
0.00
0.00
0.00
