0.00
0.00
0.00
0.00
0.00
0.00
0.00
0.00
0.00
0.00
0.00
0.00
0.00
0.00
0.00
0.00
0.00
0.00
0.00
0.00
0.00
0.00
0.00
0.00
0.00
0.00
0.00
0.00
0.00
0.00
0.00
0.00
0.00
0.00
0.00
0.00
0.00
0.00
0.00
0.05
0.60
1.15
1.55
1.94
1.89
1.94
1.85
1.39
0.83
0.54
0.48
0.39
0.54
0.60
0.67
0.70
0.60
0.67
0.67
0.74
0.83
0.80
1.01
1.11
1.15
1.27
1.35
1.46
1.55
1.63
1.59
1.77
1.80
1.89
1.99
2.09
2.14
2.19
2.14
2.23
2.28
2.28
2.28
2.28
2.28
1.77
1.85
1.85
1.99
2.04
2.14
2.19
2.28
2.28
2.44
2.60
2.55
2.66
2.70
2.60
2.66
2.66
2.70
2.70
2.82
2.55
2.19
2.04
2.09
2.09
2.14
2.09
2.23
2.33
2.44
2.38
2.38
2.49
2.55
2.66
2.66
2.49
2.55
2.49
2.55
2.38
2.60
2.49
2.19
2.44
2.55
2.44
2.38
2.38
2.19
2.14
2.19
2.44
1.50
0.57
0.11
0.14
0.05
0.03
0.00
0.00
0.27
0.36
0.36
0.27
