0.00
0.00
0.02
0.00
0.00
0.02
0.02
0.02
0.00
0.00
0.00
0.00
0.00
0.00
0.00
0.00
0.00
0.00
0.00
0.00
0.00
0.00
0.00
0.00
0.00
0.00
0.00
0.00
0.00
0.00
0.00
0.00
0.00
0.00
0.00
0.00
0.00
0.00
0.38
0.46
0.85
1.18
1.59
2.05
2.47
2.47
2.52
1.96
2.23
2.05
2.23
2.38
2.47
2.57
2.73
2.79
2.90
2.95
3.24
3.37
3.48
3.68
3.75
3.61
3.68
3.48
3.48
3.06
2.90
2.84
2.68
2.68
2.63
2.43
2.43
2.52
2.68
2.68
2.79
2.79
2.79
2.84
2.95
3.00
3.06
3.06
3.24
3.24
3.30
3.30
3.30
3.37
3.43
3.43
3.43
3.48
3.55
3.82
3.82
3.61
3.37
3.18
2.33
0.88
0.09
0.09
0.54
0.70
0.81
0.73
0.73
0.78
0.78
0.73
0.73
0.73
0.66
0.66
0.63
0.57
0.57
0.57
0.54
0.54
0.54
0.52
0.52
0.52
0.52
0.52
0.52
0.52
0.52
0.52
0.49
0.52
0.52
0.49
0.52
0.52
0.52
0.52
0.52
0.52
0.52
0.52
0.52
0.52
0.52
0.52
