0.00
0.00
0.00
0.00
0.00
0.00
0.00
0.00
0.00
0.00
0.00
0.00
0.00
0.00
0.00
0.00
0.00
0.00
0.00
0.00
0.00
0.00
0.00
0.00
0.00
0.00
0.00
0.00
0.00
0.00
0.00
0.00
0.00
0.00
0.00
0.00
0.00
0.00
0.26
0.46
0.92
1.28
1.76
2.16
2.35
2.26
2.02
1.85
1.63
1.24
1.35
1.10
1.28
1.21
1.13
1.17
1.03
1.03
0.99
0.96
0.99
1.10
1.17
1.13
1.13
1.24
1.43
1.39
1.55
1.63
1.71
1.85
2.02
2.16
2.26
2.26
2.45
2.56
2.67
2.72
2.61
2.78
2.83
3.00
3.12
3.12
3.18
3.25
3.25
3.31
3.36
3.31
3.31
3.31
3.25
3.36
3.43
3.49
3.49
3.43
3.43
3.43
3.43
3.56
3.70
3.77
3.97
3.97
4.12
4.20
4.27
4.35
4.43
4.60
4.52
4.60
4.52
4.52
4.35
4.35
4.27
4.35
4.35
4.43
4.43
4.43
4.27
2.72
0.61
0.12
0.15
0.21
0.26
0.15
0.10
0.15
0.08
0.08
0.03
0.05
0.03
0.03
0.00
0.00
0.00
0.00
0.00
0.00
0.00
0.00
