0.00
0.00
0.00
0.00
0.02
0.02
0.02
0.00
0.00
0.02
0.00
0.00
0.00
0.00
0.00
0.00
0.00
0.00
0.00
0.00
0.00
0.00
0.07
0.10
0.13
0.79
1.41
1.86
2.12
2.12
1.90
1.23
1.20
0.76
0.73
0.71
0.61
0.71
0.73
0.96
0.83
0.96
0.99
1.02
1.09
1.13
1.16
1.27
1.41
1.41
1.53
1.65
1.65
1.73
1.77
1.86
2.03
2.07
2.17
2.21
2.17
2.26
2.45
2.31
2.17
2.07
2.17
1.95
1.99
1.95
1.90
1.90
1.81
2.26
2.45
2.45
2.45
2.45
2.21
2.03
2.21
2.26
2.41
1.65
0.00
0.00
0.00
0.00
0.00
0.00
0.00
0.00
0.00
0.00
0.07
0.13
0.18
0.18
0.18
0.15
0.10
0.13
0.10
0.10
0.10
0.07
0.07
0.10
0.07
0.10
0.10
0.10
0.13
0.10
0.10
0.13
0.13
0.10
0.10
0.13
0.15
0.25
0.28
0.30
0.30
0.33
0.39
0.33
0.39
0.50
0.50
0.53
0.53
0.53
0.55
0.55
0.53
0.53
0.55
0.53
0.53
0.53
0.53
0.53
0.53
0.53
0.53
0.50
0.53
0.53
