0.03
0.03
0.00
0.03
0.03
0.00
0.00
0.00
0.00
0.00
0.00
0.00
0.00
0.00
0.00
0.00
0.00
0.00
0.00
0.03
0.03
0.03
0.03
0.00
0.00
0.00
0.43
0.95
2.04
2.30
2.69
2.46
2.30
2.25
2.14
2.25
2.36
2.41
2.58
2.52
2.94
2.94
3.06
2.99
2.99
2.99
2.94
2.94
2.94
2.94
2.94
3.06
2.94
2.82
2.52
2.46
2.36
2.36
2.36
2.36
2.52
2.36
2.30
2.36
2.46
2.46
2.63
2.63
2.69
2.63
2.52
2.58
2.58
2.63
2.63
2.69
2.76
2.82
2.76
2.94
2.99
3.06
3.13
3.40
3.60
3.47
2.99
1.89
1.02
1.02
1.06
0.99
0.99
1.02
0.99
0.99
0.95
0.95
0.99
0.99
1.02
1.06
1.06
1.10
1.06
1.06
1.06
1.06
1.02
1.06
1.06
1.06
1.10
1.06
1.10
1.10
1.06
1.10
1.10
1.10
1.10
1.06
1.10
1.10
1.10
1.10
1.10
1.10
1.10
1.10
1.10
1.10
1.10
1.10
1.14
1.14
1.10
1.14
1.14
1.14
1.14
1.14
1.19
1.14
1.14
1.14
1.14
1.14
1.19
1.19
