0.00
0.00
0.00
0.00
0.00
0.00
0.00
0.00
0.00
0.00
0.00
0.00
0.00
0.00
0.00
0.00
0.00
0.00
0.00
0.00
0.00
0.00
0.00
0.00
0.00
0.00
0.00
0.00
0.00
0.00
0.00
0.00
0.00
0.00
0.00
0.00
0.00
0.00
0.00
0.00
0.00
0.00
0.00
0.00
0.25
0.56
0.83
0.86
0.90
0.86
1.24
1.28
1.28
1.12
0.94
0.63
0.79
0.59
0.63
0.83
0.98
1.20
1.32
1.28
1.20
1.08
1.16
1.35
1.44
1.48
1.52
1.61
1.44
1.32
1.16
1.04
1.44
1.28
1.48
1.44
1.35
1.35
1.52
1.66
1.40
1.35
1.35
1.40
1.61
1.61
1.52
1.40
1.44
1.44
1.40
1.48
1.35
1.48
1.44
1.44
1.35
1.40
1.40
1.52
1.61
1.69
1.69
1.66
1.57
1.61
1.57
1.74
1.74
1.74
1.79
1.74
1.61
1.79
1.79
1.69
1.93
1.79
1.98
1.88
1.88
1.93
1.88
1.20
0.00
0.00
0.00
0.00
0.00
0.00
0.00
0.00
0.00
0.00
0.00
0.00
0.00
0.00
0.00
0.00
0.00
0.00
0.00
0.00
0.00
0.00
