0.00
0.00
0.00
0.00
0.00
0.02
0.00
0.02
0.02
0.02
0.02
0.02
0.02
0.00
0.00
0.00
0.00
0.00
0.00
0.00
0.00
0.07
0.02
0.00
0.02
0.02
0.02
0.00
0.02
0.05
0.02
0.02
0.05
0.02
0.00
0.07
0.05
0.05
0.02
0.07
0.00
0.02
0.10
0.00
0.00
0.82
1.70
2.40
2.57
2.35
2.35
1.45
1.74
1.53
1.37
1.41
1.41
1.41
1.13
1.21
1.17
1.17
1.10
1.25
1.29
1.45
1.21
1.41
1.33
1.57
1.57
1.65
1.57
1.61
1.61
1.74
1.82
1.82
1.87
1.82
1.82
1.92
1.92
1.87
1.87
1.96
1.96
1.96
2.16
2.21
2.30
2.46
2.51
2.51
2.51
2.68
2.72
2.68
2.72
2.96
2.96
2.90
3.02
3.02
2.96
3.14
3.21
3.32
2.84
2.40
0.69
0.00
0.00
0.00
0.00
0.02
0.10
0.07
0.05
0.00
0.00
0.00
0.00
0.00
0.00
0.00
0.00
0.00
0.00
0.00
0.00
0.00
0.00
0.00
0.00
0.00
0.00
0.00
0.00
0.00
0.00
0.00
0.00
0.00
0.00
0.00
0.00
0.00
0.00
0.00
