0.00
0.00
0.00
0.00
0.03
0.03
0.00
0.00
0.00
0.00
0.00
0.00
0.00
0.00
0.00
0.00
0.00
0.00
0.00
0.00
0.00
0.00
0.00
0.00
0.00
0.00
0.00
0.00
0.00
0.00
0.00
0.51
1.14
1.55
2.01
2.12
1.79
1.95
2.40
2.40
2.46
2.58
2.52
2.52
2.65
2.65
2.65
2.58
2.65
2.65
2.65
2.58
2.58
2.46
2.40
2.34
2.40
2.28
2.28
2.28
2.16
2.16
2.22
2.46
2.52
2.65
2.83
2.83
2.97
3.10
3.18
3.10
3.03
3.03
2.76
3.03
2.76
2.83
2.70
2.40
2.34
1.84
0.77
0.13
0.20
0.29
0.33
0.26
0.13
0.03
0.00
0.00
0.00
0.00
0.00
0.00
0.00
0.00
0.00
0.00
0.00
0.00
0.00
0.00
0.00
0.00
0.00
0.00
0.00
0.00
0.00
0.00
0.00
0.03
0.00
0.00
0.00
0.00
0.00
0.03
0.03
0.00
0.03
0.03
0.03
0.03
0.03
0.06
0.06
0.03
0.06
0.06
0.03
0.06
0.06
0.03
0.06
0.06
0.06
0.10
0.10
0.06
0.06
0.06
0.06
0.06
0.06
0.10
0.06
0.10
