0.00
0.00
0.00
0.03
0.03
0.03
0.05
0.00
0.03
0.05
0.03
0.08
0.05
0.03
0.05
0.00
0.03
0.03
0.03
0.05
0.00
0.03
0.00
0.03
0.00
0.00
0.03
0.03
0.00
0.03
0.00
0.03
0.00
0.03
0.00
0.00
0.00
0.00
0.00
0.00
0.00
0.00
0.00
0.00
0.00
0.00
0.00
0.00
0.00
0.00
0.00
0.00
0.00
0.00
0.05
0.08
0.00
0.11
0.23
0.38
0.51
0.58
0.67
0.74
0.82
0.89
0.85
0.92
1.08
1.04
1.16
1.20
1.20
1.20
1.16
1.27
1.27
1.40
1.31
1.35
1.40
1.48
1.35
1.61
1.48
1.53
1.53
1.48
1.61
1.61
1.70
1.61
1.44
1.61
1.61
1.66
1.61
1.66
1.57
1.61
1.53
1.61
1.61
1.61
1.61
1.48
1.57
1.61
1.70
1.70
1.61
1.53
1.75
1.66
1.57
1.48
1.44
1.48
0.82
0.00
0.00
0.00
0.00
0.00
0.00
0.00
0.00
0.00
0.00
0.00
0.00
0.00
0.00
0.00
0.00
0.00
0.00
0.00
0.00
0.00
0.00
0.00
0.00
0.00
0.00
0.00
0.00
0.00
0.00
0.00
