0.00
0.03
0.03
0.00
0.03
0.00
0.03
0.03
0.03
0.03
0.00
0.00
0.00
0.00
0.00
0.00
0.00
0.00
0.00
0.00
0.00
0.00
0.00
0.00
0.00
0.00
0.00
0.20
0.26
0.41
0.61
0.70
0.99
0.77
0.81
0.74
0.54
0.44
0.77
0.77
0.44
0.57
0.67
0.70
0.74
1.03
0.77
0.77
0.85
0.92
1.03
1.03
1.10
1.22
1.34
1.27
1.34
1.43
1.47
1.47
1.56
1.68
1.73
1.64
1.56
1.68
1.64
1.73
1.83
1.78
1.83
1.92
1.92
1.92
2.11
2.17
2.11
2.17
2.17
2.11
2.38
2.49
2.60
2.33
2.54
2.54
2.54
2.65
2.77
2.71
2.71
2.83
2.90
2.96
2.90
2.96
2.90
2.77
2.96
2.96
3.02
3.14
3.21
3.21
3.21
3.07
2.77
2.60
1.60
0.00
0.00
0.00
0.00
0.14
0.17
0.23
0.20
0.26
0.26
0.32
0.34
0.38
0.41
0.38
0.44
0.41
0.44
0.41
0.44
0.44
0.44
0.44
0.44
0.47
0.47
0.50
0.50
0.47
0.50
0.50
0.50
0.50
0.50
0.50
0.50
0.47
0.47
0.47
0.47
0.47
