0.04
0.00
0.00
0.04
0.04
0.04
0.04
0.04
0.04
0.04
0.04
0.09
0.09
0.04
0.09
0.09
0.04
0.09
0.09
0.09
0.04
0.00
0.04
0.09
0.09
0.04
0.04
0.09
0.22
0.68
0.78
1.39
1.64
1.16
0.94
1.00
0.94
1.05
1.11
1.11
1.16
1.21
1.39
1.76
2.03
2.24
2.45
2.60
2.76
2.76
2.76
2.76
2.76
2.45
2.30
2.17
2.24
2.17
2.30
2.53
2.76
2.76
2.68
2.37
2.53
2.60
2.84
2.76
2.68
2.60
2.68
2.53
2.37
2.60
2.60
2.60
2.60
2.68
2.76
3.08
2.76
3.17
3.00
3.08
3.08
3.17
3.17
3.17
3.08
2.93
2.93
3.35
3.72
2.84
3.72
3.08
3.72
3.53
3.63
3.53
3.53
2.45
3.08
3.35
3.35
3.35
3.35
3.44
3.63
3.63
3.44
3.44
2.93
1.82
0.68
0.00
0.09
0.35
0.49
0.64
0.64
0.64
0.68
0.68
0.64
0.49
0.40
0.40
0.44
0.44
0.44
0.40
0.44
0.44
0.44
0.49
0.44
0.44
0.49
0.49
0.49
0.49
0.49
0.54
0.49
0.49
0.49
0.49
0.49
0.49
