0.03
0.00
0.00
0.00
0.00
0.00
0.00
0.00
0.00
0.00
0.00
0.00
0.00
0.00
0.00
0.00
0.00
0.00
0.00
0.00
0.00
0.00
0.00
0.00
0.00
0.00
0.00
0.00
0.03
0.00
0.09
0.51
0.79
1.14
1.10
1.07
0.65
0.37
0.21
0.06
0.18
0.44
0.37
0.41
0.31
0.51
0.24
0.47
0.15
0.37
0.00
0.21
0.21
0.31
0.03
0.34
0.31
0.44
0.34
0.54
0.24
0.54
0.24
0.47
0.00
0.44
0.31
0.41
0.18
0.21
0.41
0.24
0.54
0.15
0.47
0.37
0.37
0.37
0.41
0.47
0.28
0.51
0.21
0.41
0.34
0.41
0.37
0.34
0.44
0.37
0.41
0.31
0.41
0.34
0.28
0.18
0.15
0.21
0.44
0.12
0.00
0.06
0.00
0.00
0.00
0.00
0.00
0.00
0.00
0.00
0.00
0.00
0.00
0.00
0.06
0.12
0.15
0.15
0.15
0.15
0.15
0.15
0.15
0.15
0.15
0.21
0.21
0.28
0.24
0.24
0.24
0.24
0.24
0.24
0.21
0.24
0.24
0.24
0.24
0.24
0.24
0.21
0.21
0.24
0.21
0.21
0.21
0.24
0.21
0.18
