0.00
0.00
0.00
0.00
0.00
0.03
0.05
0.07
0.07
0.18
0.32
0.49
0.56
0.64
0.71
0.77
0.74
0.71
0.71
0.71
0.68
0.68
0.71
0.71
0.68
0.61
0.74
0.87
1.05
1.66
1.54
1.75
1.92
1.38
1.50
0.87
1.05
1.08
1.08
1.16
1.46
1.34
1.42
1.50
1.38
1.54
1.58
1.66
1.71
1.62
1.66
1.66
1.66
1.66
1.66
1.66
1.66
1.75
1.79
1.84
1.92
1.84
1.88
1.88
1.92
1.92
1.84
1.75
1.79
1.88
1.92
2.02
1.97
2.06
2.06
2.11
2.30
2.35
2.40
2.26
2.21
2.26
2.26
2.30
2.16
2.06
1.92
1.26
1.62
1.30
1.46
1.38
1.50
1.54
1.54
1.54
1.54
1.54
1.50
1.50
1.50
1.50
1.54
1.54
1.54
1.58
1.54
1.58
1.58
1.58
1.58
1.58
1.50
1.54
1.50
1.50
1.50
1.46
1.42
1.42
1.38
1.38
1.38
1.34
1.34
1.30
1.34
1.34
1.30
1.30
1.26
1.26
1.30
1.30
1.26
1.22
1.19
1.19
1.19
1.16
1.08
1.05
1.05
1.01
1.01
0.94
0.87
0.87
0.87
0.87
