0.00
0.00
0.00
0.05
0.00
0.00
0.00
0.05
0.00
0.05
0.05
0.11
0.11
0.05
0.05
0.05
0.05
0.05
0.05
0.05
0.05
0.05
0.05
0.05
0.05
0.05
0.11
0.00
0.00
0.05
0.05
0.73
0.43
0.86
1.52
1.98
1.98
1.82
1.52
1.24
1.11
1.24
1.38
1.59
1.59
1.90
2.14
2.21
2.30
2.38
2.56
2.56
2.84
2.65
2.38
2.38
2.56
2.47
2.38
2.38
2.38
2.38
2.47
2.56
2.56
2.65
2.21
2.30
2.38
2.30
2.30
2.30
2.56
2.47
2.38
2.21
2.14
1.74
1.67
1.52
1.52
1.38
1.38
1.46
1.38
1.17
0.97
0.00
0.00
0.00
0.00
0.00
0.00
0.00
0.00
0.00
0.00
0.00
0.00
0.00
0.00
0.00
0.00
0.00
0.00
0.00
0.00
0.00
0.00
0.00
0.00
0.00
0.00
0.00
0.00
0.00
0.00
0.00
0.00
0.00
0.00
0.00
0.00
0.00
0.00
0.00
0.00
0.00
0.00
0.00
0.00
0.00
0.00
0.00
0.00
0.00
0.00
0.00
0.00
0.00
0.00
0.00
0.00
0.00
0.00
0.00
0.00
0.00
0.00
0.00
