0.00
0.00
0.06
0.06
0.12
0.21
0.36
0.43
0.50
0.52
0.52
0.50
0.52
0.56
0.56
0.56
0.56
0.56
0.59
0.59
0.59
0.59
1.00
1.04
1.04
1.32
1.16
1.16
1.27
1.45
1.27
1.19
1.08
1.00
0.66
0.92
0.84
0.92
0.96
0.56
0.84
0.81
0.63
1.00
0.92
0.81
0.33
0.84
0.77
0.77
0.84
0.92
0.96
0.96
0.74
0.74
0.74
0.63
0.70
0.70
0.66
0.74
0.84
0.92
1.00
1.08
1.00
0.96
0.96
1.00
1.04
1.04
0.96
0.92
0.84
0.88
0.77
0.81
0.77
0.77
0.88
1.00
1.00
1.16
1.19
1.19
1.16
1.23
1.08
1.16
1.19
1.12
1.19
1.12
1.19
1.32
1.19
1.19
1.19
1.12
1.32
1.45
1.32
1.32
1.45
1.45
1.32
1.45
1.53
1.58
1.45
1.49
1.58
1.62
1.72
1.62
1.45
1.45
1.08
0.46
0.15
0.00
0.43
0.52
0.59
0.59
0.63
0.66
0.74
0.77
0.74
0.74
0.74
0.70
0.63
0.59
0.56
0.56
0.46
0.50
0.52
0.52
0.56
0.52
0.52
0.52
0.52
0.50
0.46
0.46
