0.00
0.00
0.00
0.00
0.00
0.00
0.00
0.00
0.00
0.00
0.00
0.00
0.00
0.00
0.00
0.00
0.00
0.00
0.00
0.00
0.00
0.00
0.00
0.00
0.00
0.00
0.00
0.00
0.00
0.00
0.03
0.10
0.49
0.37
0.74
0.77
0.56
0.29
0.52
0.77
0.46
0.81
0.71
1.16
1.30
1.19
1.12
1.12
1.08
1.16
1.19
1.26
1.08
0.94
1.19
1.30
1.19
1.12
1.22
1.26
1.42
1.22
1.34
1.22
1.26
1.22
1.26
1.46
1.22
1.01
1.46
1.22
1.22
1.42
1.46
1.46
1.34
1.38
1.34
1.30
1.38
1.30
1.16
1.19
1.30
1.19
1.30
1.42
1.50
1.38
1.58
1.50
1.58
1.50
1.46
1.46
1.66
1.71
1.62
1.71
1.71
1.58
1.66
1.38
1.50
1.54
1.50
1.66
1.62
1.71
1.66
1.84
1.71
0.71
0.00
0.00
0.00
0.00
0.00
0.00
0.00
0.00
0.00
0.00
0.00
0.00
0.00
0.00
0.00
0.00
0.00
0.00
0.00
0.00
0.03
0.03
0.03
0.03
0.00
0.03
0.00
0.03
0.00
0.03
0.03
0.00
0.03
0.03
0.00
0.07
