0.00
0.00
0.00
0.00
0.00
0.00
0.00
0.00
0.00
0.00
0.00
0.00
0.00
0.00
0.00
0.00
0.00
0.00
0.00
0.00
0.00
0.00
0.00
0.00
0.00
0.00
0.00
0.00
0.00
0.00
0.00
0.00
0.00
0.00
0.00
0.00
0.00
0.00
0.00
0.00
0.43
0.93
1.33
1.64
1.42
1.46
1.25
1.13
0.93
0.67
0.60
0.64
0.64
0.21
0.15
0.00
0.00
0.00
0.00
0.00
0.00
0.30
0.21
0.06
0.00
0.00
0.00
0.00
0.00
0.00
0.00
0.00
0.00
0.00
0.00
0.18
0.47
0.40
0.30
0.30
0.37
0.53
0.47
0.33
0.43
0.47
0.43
0.33
0.18
0.03
0.30
0.37
0.18
0.60
0.37
0.56
0.53
0.60
0.33
0.64
0.64
0.93
0.85
0.78
0.53
0.64
0.67
0.60
0.71
0.78
0.85
0.93
0.81
0.85
0.81
0.89
0.89
0.89
0.89
1.05
1.01
1.05
1.01
1.09
0.81
0.33
0.00
0.00
0.00
0.00
0.00
0.00
0.00
0.00
0.00
0.00
0.00
0.00
0.00
0.00
0.00
0.00
0.00
0.00
0.00
0.00
0.00
0.00
0.00
0.00
